0.01 0.288354692514986 1.60975651210174 1.89811120461673
0.01 0.727806951384991 1.0900086350739 1.81781558645889
0.01 0.99420446367003 1.51423646090552 2.50844092457555
0.01 0.861358000198379 1.3852962423116 2.24665424250998
0.01 0.805327062727883 1.87196259014308 2.67728965287097
0.01 0.958928171312436 1.95507629588246 2.9140044671949
0.01 0.997234435053542 1.98504140274599 2.98227583779953
0.01 0.946991423610598 1.43103370582685 2.37802512943745
0.01 0.983670131070539 1.07878099288791 2.06245112395845
0.01 0.872524365782738 1.3108267034404 2.18335106922314
0.01 0.995789189822972 0.865323808975518 1.86111299879849
0.01 0.5126470066607 1.34551119338721 1.85815820004791
0.01 0.476871118182316 1.77763253869489 2.2545036568772
0.01 0.412908035330474 1.77999116713181 2.19289920246229
0.01 0.154291786486283 1.98059463314712 2.1348864196334
0.01 0.334366368828341 1.65609242860228 1.99045879743062
0.01 0.676230388460681 1.50656212493777 2.18279251339845
0.01 0.30905373999849 1.81562945572659 2.12468319572508
0.01 0.208169186953455 1.60451218485832 1.81268137181178
0.01 0.351076311198995 1.78629979677498 2.13737610797398
0.01 0.309908300405368 1.91757406014949 2.22748236055486
0.01 0.771668600151315 1.84753809031099 2.61920669046231
0.01 0.496766613563523 1.42008316144347 1.91684977500699
0.01 0.864394984906539 1.51186780212447 2.37626278703101
0.01 0.780265401583165 1.5969169116579 2.37718231324106
0.01 0.86123289167881 1.41912613762543 2.28035902930424
0.01 0.965934288688004 0.833439648151398 1.7993739368394
0.01 0.314182707341388 1.50219041155651 1.8163731188979
0.01 0.794029832351953 1.55103989504278 2.34506972739473
0.01 0.903603565413505 1.28643527859822 2.19003884401172
0.01 0.597516893642023 1.59179990086704 2.18931679450907
0.01 0.954976791050285 1.24309498816729 2.19807177921757
0.01 0.914772258605808 1.86636386206374 2.78113612066954
0.01 0.820191280217841 1.45917433546856 2.2793656156864
0.01 0.0617470988072455 1.94052589591593 2.00227299472317
0.01 0.265757143264636 1.73338569095358 1.99914283421822
0.01 0.508689858717844 1.41937853209674 1.92806839081459
0.01 0.496087649371475 1.49573994148523 1.9918275908567
0.01 0.777740792371333 1.05886731855571 1.83660811092705
0.01 0.482923714676872 1.6571628022939 2.14008651697077
0.01 0.741055843420327 1.54499826347455 2.28605410689488
0.01 0.428531712852418 1.85243281023577 2.28096452308819
0.01 0.463769160676748 1.60072304587811 2.06449220655486
0.01 0.137388764647767 1.92060576891527 2.05799453356303
0.01 0.92405473254621 1.8607482444495 2.78480297699571
0.01 0.0042351505253464 1.82409880449995 1.8283339550253
0.01 0.283556889975443 1.71179348509759 1.99535037507303
0.01 0.478908002376556 1.82246549800038 2.30137350037694
0.01 0.637844210723415 1.36447096709162 2.00231517781503
0.01 0.49196315347217 1.97943783691153 2.4714009903837
0.01 0.890801005996764 1.73812342621386 2.62892443221062
0.01 0.590557342395186 1.881857607048 2.47241494944319
0.01 0.287063695024699 1.69800359709188 1.98506729211658
0.01 0.0494796899147332 1.95545201655477 2.00493170646951
0.01 0.183491462608799 1.74022835912183 1.92371982173063
0.01 0.67215503519401 1.31269292160869 1.9848479568027
0.01 0.944532067980617 1.29918194189668 2.24371400987729
0.01 0.742230956908315 1.07284286059439 1.81507381750271
0.01 0.758405246306211 1.65075342124328 2.40915866754949
0.01 0.314095417503268 1.46338013047352 1.77747554797679
0.01 0.165699999779463 1.60618911264464 1.77188911242411
0.01 0.899138968205079 1.87350962357596 2.77264859178104
0.01 0.361203472130001 1.79010247858241 2.15130595071241
0.01 0.259972045198083 1.79072236223146 2.05069440742955
0.01 0.68444508058019 1.76530572399497 2.44975080457516
0.01 0.235775119857863 1.56010967260227 1.79588479246013
0.01 0.95916974497959 1.50670439004898 2.46587413502857
0.01 0.265903196996078 1.97526834486052 2.2411715418566
0.01 0.307369091548026 1.7950171683915 2.10238625993952
0.01 0.359531446592882 1.83753870334476 2.19707014993764
0.01 0.884382307063788 1.81262074317783 2.69700305024162
0.01 0.570656901458278 1.44415139546618 2.01480829692446
0.01 0.434432802489027 1.79791042394936 2.23234322643839
0.01 0.611861540004611 1.64657588163391 2.25843742163852
0.01 0.630753661040217 1.48904638644308 2.1198000474833
0.01 0.00978837697766721 1.96971476823092 1.97950314520858
0.01 0.935423430521041 1.04930230649188 1.98472573701292
0.01 0.800008984748274 1.16156691545621 1.96157590020448
0.01 0.658279517432675 1.1102589792572 1.76853849668987
0.01 0.177893701940775 1.63377457624301 1.81166827818379
0.01 0.922344392631203 1.71704518189654 2.63938957452774
0.01 0.163810081547126 1.61699353484437 1.78080361639149
0.01 0.991945771034807 1.06067121541128 2.05261698644608
0.01 0.947978964075446 1.23527573188767 2.18325469596311
0.01 0.234356519300491 1.55230421060696 1.78666072990745
0.01 0.444008398102596 1.53413634281605 1.97814474091865
0.01 0.9993991763331 1.02966887038201 2.02906804671511
0.01 0.26408682949841 1.82109546894208 2.08518229844049
0.01 0.732846940634772 1.62971355393529 2.36256049457006
0.01 0.841323405038565 0.980924884788692 1.82224828982726
0.01 0.760685793822631 1.59613659838215 2.35682239220478
0.01 0.289282061392441 1.83816103450954 2.12744309590198
0.01 0.984790462534875 1.934353757184 2.91914421971887
0.01 0.716513728024438 1.15896632289514 1.87548005091958
0.01 0.488869154825807 1.44823204632849 1.93710120115429
0.01 0.0550249419175088 1.7842309800908 1.83925592200831
0.01 0.824433667585254 1.03287405287847 1.85730772046372
0.01 0.471435866551474 1.50490686669946 1.97634273325093
0.01 0.858188468962908 1.64097201311961 2.49916048208252
0.01 0.741081699496135 1.63359324401245 2.37467494350858
