0.0108404266708101 0.732930915906932 1.22032834600114 1.95325926190807
0.00925286017419108 0.810687068166715 1.45327007157579 2.2639571397425
0.00876123809601783 0.699733335314901 1.71789614583844 2.41762948115334
0.0128955452574641 0.0967136566105339 1.86136580943084 1.95807946604138
0.00842973020544299 0.493496870089594 1.71508253404951 2.2085794041391
0.0130938793971342 0.92551871820002 1.16494799243595 2.09046671063597
0.0082508432684557 0.551795562944487 1.66675999612772 2.21855555907221
0.00881815256965966 0.724555328614132 1.70315421521069 2.42770954382482
0.00907330160144697 0.326473881514747 1.6924666221531 2.01894050366785
0.00903906337845779 0.362826643621287 1.75502623754109 2.11785288116238
0.00939760551131463 0.529786238632209 1.86228943752998 2.39207567616218
0.0122846893047929 0.14144340591679 1.87978309766344 2.02122650358023
0.0107014451825679 0.323675674449421 1.91983249378927 2.2435081682387
0.0109249405055322 0.960764807597514 1.63451472783103 2.59527953542854
0.00903632581256267 0.768777338089817 1.44226744780508 2.21104478589489
0.00846024293032438 0.429569741848921 1.64292790250523 2.07249764435415
0.00994298957758675 0.622274556221275 1.89365500056087 2.51592955678215
0.00828133383477751 0.649317349854809 1.58047722243489 2.22979457228969
0.00881727007174703 0.358881321515721 1.63786365182402 1.99674497333974
0.0123131363537242 0.879919330107093 1.18087700903431 2.06079633914141
0.00993078714323487 0.900225913449813 1.51434623171757 2.41457214516738
0.0106616145450215 0.220285560088039 1.82643835421984 2.04672391430788
0.00848013290614937 0.682491359743347 1.66355785695347 2.34604921669682
0.00852822699144714 0.722910522627269 1.57841675946605 2.30132728209332
0.00874187701292544 0.728752161959235 1.46935198397132 2.19810414593055
0.0115365204622819 0.25040730620674 1.93402897035246 2.1844362765592
0.00931762574777817 0.815431559036108 1.44519360627807 2.26062516531418
0.0114398328877569 0.757552921706801 1.93473986127971 2.69229278298651
0.0088470510591674 0.372588771433846 1.71811078703524 2.09069955846908
0.0108797938491874 0.915437083174446 1.3376984315345 2.25313551470895
0.0125415507755505 0.928616914607304 1.20240746135913 2.13102437596644
0.00839425969133081 0.684898062351954 1.61301445619675 2.2979125185487
0.0130099393586652 0.204060194011767 1.98726215661437 2.19132235062613
0.0106170687268599 0.914969240239616 1.70552152337771 2.62049076361733
0.00884711475933732 0.768177670730018 1.49866479794683 2.26684246867684
0.00872987120990604 0.541173187373476 1.781727179685 2.32290036705848
0.00844863345159363 0.697347837626168 1.61975697235134 2.31710480997751
0.00934015450105923 0.375830606325109 1.81684737752879 2.19267798385389
0.00865830893676033 0.53826462017161 1.77030687843857 2.30857149861018
0.0116219908099718 0.325688202795405 1.97966210246133 2.30535030525674
0.00866919363268361 0.593440427214079 1.4340886312308 2.02752905844488
0.00903581206259345 0.787133441184822 1.65609487207096 2.44322831325578
0.0136675581777013 0.829865833060469 1.99816737172078 2.82803320478125
0.00828182292829882 0.648743212349854 1.57604082976357 2.22478404211342
0.00840965687297382 0.547534302287819 1.7198948013755 2.26742910366332
0.00822493471237161 0.61535861296939 1.61501067972722 2.23036929269661
0.0100642459357365 0.912038329043039 1.56278233257751 2.47482066162055
0.00862546165779231 0.43585525215211 1.5283255039045 1.96418075605661
0.0112214477947758 0.941026742249326 1.3354062100142 2.27643295226353
0.00865205362416061 0.739704846399847 1.62341362273763 2.36311846913748
0.00864337929311034 0.68918622774452 1.70256677709451 2.39175300483902
0.01056831828915 0.393895553391874 1.93797265223611 2.33186820562799
0.0111076398072268 0.243351152638241 1.89664068458034 2.13999183721858
0.00835172936338712 0.472730211647257 1.57850624802994 2.0512364596772
0.00881055289728156 0.652772729568551 1.41320432140481 2.06597705097336
0.0140381246764063 0.964609099314323 1.14367571066342 2.10828480997775
0.00966753792912327 0.259961644371481 1.709115518968 1.96907716333948
0.0118960418617465 0.904602258862189 1.8460273133546 2.75062957221679
0.00880385604170287 0.392400231861766 1.73432896020246 2.12672919206422
0.00922031541402491 0.324022865952421 1.74008462003234 2.06410748598476
0.00991145724854378 0.78808358796537 1.7971483698879 2.58523195785327
0.0091987362282573 0.305863991718758 1.65906912628938 1.96493311800814
0.00827890705225447 0.648868356051034 1.58760253717193 2.23647089322296
0.0114320831034229 0.355925280981741 1.97987077281517 2.33579605379691
0.0085604199608038 0.580363255532069 1.74781128748863 2.3281745430207
0.0115169631357817 0.977309295550428 1.3675912695141 2.34490056506453
0.0116310265679962 0.896756081295407 1.2418303525604 2.13858643385581
0.00823394527256231 0.567047795248903 1.55405281762705 2.12110061287596
0.00929013210057033 0.467938163754431 1.84707632845889 2.31501449221332
0.00841983247957245 0.495174567678786 1.71294042544863 2.20811499312741
0.0112156511464746 0.521846845210794 1.98953222231521 2.511379067526
0.0123050868793687 0.14507836790903 1.88653815561895 2.03161652352798
0.0129660560987092 0.798567812324862 1.98737020915158 2.78593802147645
0.00894058080533414 0.756976703493698 1.45061317258599 2.20758987607969
0.0100391146700445 0.776484334541532 1.30241875173473 2.07890308627626
0.00833781440056058 0.506073346005257 1.69075754932065 2.1968308953259
0.0111993869411167 0.917363506585219 1.30328044480284 2.22064395138806
0.0093545088145398 0.762591942130379 1.37810584280418 2.14069778493456
0.0136005827636516 0.987069783320012 1.85472539875619 2.8417951820762
0.0133782429701007 0.964774127925808 1.18166216573143 2.14643629365724
0.00993336254143033 0.843390825924681 1.73397603506639 2.57736686099107
0.0112876888524542 0.434650200796435 1.98961567930335 2.42426588009979
0.0106548411684416 0.874612292048826 1.31240075200618 2.18701304405501
0.0104960508024697 0.706569474637969 1.90180748434008 2.60837695897804
0.00971675272327926 0.801937470262701 1.35742803854825 2.15936550881095
0.00909273403858072 0.808736842571664 1.61392799640837 2.42266483898003
0.00977147592909081 0.877819569783753 1.47104689356929 2.34886646335305
0.00906134352012818 0.743158792098239 1.41187563731974 2.15503442941798
0.00897454895289293 0.768447518460478 1.67619747366037 2.44464499212085
0.0100444725552933 0.258908208403943 1.7972340193388 2.05614222774274
0.00860248221087165 0.415893807887256 1.5656401377381 1.98153394562536
0.00971111876987976 0.606808659840198 1.8790234911625 2.4858321510027
0.00892942634010285 0.343869814122367 1.61958738167652 1.96345719579889
0.00937896671925869 0.538090468621468 1.86008408880412 2.39817455742559
0.0107734678546561 0.921016674598451 1.71562032308806 2.63663699768651
0.0108981369323533 0.895537593311358 1.77339982715104 2.6689374204624
0.0102550668427027 0.430457574078072 1.92467703720075 2.35513461127883
0.0113954641531277 0.757827575105166 1.93204404942305 2.68987162452822
0.0104766389405977 0.932086668311932 1.44581581682909 2.37790248514102
0.00958837401047953 0.543232264279126 1.87910505693684 2.42233732121596
